prov	tahun	pm	p1	rls	hh	ppk	p2
1	1	20.98	4.11	8.28	69.08	7934	1.26
1	2	19.57	3.5	8.32	69.15	8044	0.94
1	3	18.58	3.07	8.36	69.23	8134	0.99
1	4	17.72	3.2	8.44	69.31	8289	0.85
1	5	16.98	3.14	8.71	69.35	8297	0.72
1	6	17.11	3.11	8.77	69.5	8533	0.83
1	7	16.43	3.06	8.86	69.51	8768	1
1	8	15.92	2.92	8.98	69.52	8957	0.81
1	9	15.68	2.8	9.09	69.64	9186	0.75
1	10	15.01	2.64	9.18	69.87	9603	0.66
2	1	6.51	0.93	7.07	69.15	10707	0.23
2	2	5.75	0.66	7.19	69.31	10808	0.13
2	3	5.37	0.66	7.25	69.48	11218	0.08
2	4	5.25	0.62	7.32	69.64	11657	0.11
2	5	4.97	0.6	7.35	69.72	11691	0.16
2	6	4.83	0.9	7.46	69.88	11781	0.14
2	7	5.04	0.75	7.62	69.92	11960	0.15
2	8	5.3	0.57	7.78	69.95	12066	0.08
2	9	4.77	0.73	7.84	70.18	12666	0.14
2	10	4.5	0.51	7.98	70.5	12959	0.1
3	1	4.88	0.71	7.74	70.61	12074	0.14
3	2	4.2	0.66	7.77	70.78	12307	0.16
3	3	3.95	0.39	8.05	70.94	12530	0.12
3	4	4.49	0.7	8.1	71.11	12738	0.1
3	5	4.76	0.86	8.11	71.19	12831	0.07
3	6	5.25	1.13	8.26	71.35	13078	0.14
3	7	4.15	0.53	8.36	71.41	13279	0.09
3	8	4.14	0.55	8.55	71.46	13573	0.16
3	9	3.91	0.52	8.65	71.68	13886	0.18
3	10	3.61	0.53	8.84	71.99	14146	0.11
4	1	7.16	1	7.92	68.5	10777	0.24
4	2	6.32	0.9	7.95	68.68	10933	0.2
4	3	5.71	0.95	8.06	68.86	11008	0.15
4	4	5.89	1.02	8.17	69.04	11061	0.16
4	5	5.51	0.79	8.19	69.13	11150	0.19
4	6	5.75	0.9	8.27	69.43	11261	0.23
4	7	5.36	0.76	8.37	69.46	11469	0.17
4	8	5.59	0.78	8.53	69.49	11659	0.19
4	9	5.25	0.91	8.62	69.64	11994	0.2
4	10	4.94	0.76	8.74	69.84	12267	0.18
5	1	18.3	2.75	7.85	67.82	8459	0.69
5	2	17.5	2.6	7.93	67.98	8572	0.62
5	3	17.51	3.05	8.01	68.16	8682	1.4
5	4	17.75	3.24	8.09	68.33	8803	0.74
5	5	17.09	2.85	8.28	68.36	8864	0.7
5	6	17.16	3.63	8.29	68.5	9123	0.97
5	7	17.03	2.79	8.37	68.56	9492	0.77
5	8	15.59	2.76	8.47	68.59	9778	0.75
5	9	15.41	2.35	8.61	68.84	10162	0.61
5	10	14.91	2.48	8.73	69.21	10409	0.58
6	1	16.83	2.85	8.51	74.17	12080	0.73
6	2	16.08	2.51	8.53	74.26	12115	0.65
6	3	15.88	2.89	8.63	74.36	12137	1.14
6	4	15.03	2.13	8.72	74.45	12261	0.55
6	5	14.55	2.35	8.84	74.5	12294	0.48
6	6	13.16	2.32	9	74.68	12684	0.83
6	7	13.1	1.75	9.12	74.71	13229	0.59
6	8	12.36	2.09	9.19	74.74	13521	0.55
6	9	11.81	1.65	9.32	74.82	13946	0.5
6	10	11.44	1.74	9.38	74.92	14394	0.38
7	1	23.19	4.14	6.85	66.41	8207	1
7	2	18.75	3.72	6.89	66.59	8293	1
7	3	17.22	1.74	6.92	66.76	8673	0.71
7	4	18.01	3.22	6.96	66.92	8719	0.9
7	5	17.41	3.13	6.97	67	8762	0.9
7	6	18.16	3.08	7.05	67.12	9035	1.24
7	7	17.63	2.79	7.12	67.13	9175	1.47
7	8	17.14	3.31	7.28	67.14	9532	1.01
7	9	15.83	3.02	7.46	67.45	9839	0.75
7	10	15.31	2.64	7.69	67.93	10075	0.63
8	1	11.27	1.93	7.4	71.29	9174	0.52
8	2	10.65	1.72	7.46	71.56	9249	0.43
8	3	9.89	1.62	7.52	71.82	9325	0.41
8	4	9.61	1.65	7.58	72.09	9421	0.3
8	5	9.18	1.39	7.71	72.23	9447	0.38
8	6	9.57	1.67	7.86	72.41	9778	0.43
8	7	8.77	1.28	7.95	72.44	10035	0.37
8	8	7.83	1.39	8.14	72.47	10285	0.37
8	9	7.25	1.13	8.15	72.66	10790	0.34
8	10	6.82	1.09	8.37	72.85	11152	0.24
9	1	3.48	0.45	10.37	71.71	15111	0.11
9	2	3.75	0.6	10.4	71.87	15943	0.15
9	3	3.7	0.56	10.43	72.03	16613	0.13
9	4	3.72	0.39	10.47	72.19	16828	0.17
9	5	4.09	0.6	10.54	72.27	16898	0.07
9	6	3.61	0.27	10.7	72.43	17075	0.1
9	7	3.75	0.43	10.88	72.49	17468	0.08
9	8	3.78	0.61	11.02	72.55	17707	0.1
9	9	3.55	0.5	11.05	72.67	18128	0.11
9	10	3.42	0.5	11.06	72.79	18527	0.11
10	1	8.34	1.05	7.34	69.89	8478	0.23
10	2	8.65	0.96	7.48	70.04	8664	0.18
10	3	8.28	1.37	7.69	70.19	8944	0.29
10	4	8.42	1.12	7.8	70.35	9066	0.19
10	5	8.39	1.12	7.92	70.43	9141	0.23
10	6	9.12	1.6	7.96	70.56	9446	0.35
10	7	8.37	1.42	8.07	70.71	9795	0.37
10	8	7.9	0.99	8.15	70.76	9880	0.29
10	9	7.85	1.26	8.23	70.89	10357	0.32
10	10	7.51	1.23	8.45	71.06	10592	0.3
11	1	16.56	2.49	6.71	72.73	8992	0.6
11	2	15.76	2.56	6.74	72.91	9296	0.66
11	3	14.98	2.39	6.77	73.09	9497	0.53
11	4	14.44	2.37	6.8	73.28	9618	0.54
11	5	13.58	2.09	6.93	73.88	9640	0.56
11	6	13.32	2.17	7.03	73.96	9930	0.65
11	7	13.19	2.12	7.15	74.02	10153	0.63
11	8	12.23	2.12	7.27	74.08	10377	0.57
11	9	11.19	1.63	7.35	74.18	10777	0.45
11	10	10.58	1.53	7.53	74.23	11102	0.3
12	1	15.26	2.38	6.73	69.89	9002	0.59
12	2	14.23	2.27	6.79	70.02	9396	0.54
12	3	13.08	1.93	6.85	70.14	9797	0.38
12	4	12.73	2.07	6.9	70.34	9978	0.43
12	5	12.28	1.86	7.05	70.45	10012	0.44
12	6	12.28	2.13	7.14	70.68	10383	0.52
12	7	11.85	1.95	7.23	70.74	10715	0.47
12	8	11.2	2.09	7.34	70.8	10973	0.45
12	9	10.85	2.07	7.39	70.97	11380	0.5
12	10	10.2	1.8	7.59	71.18	11739	0.45
13	1	9.02	1.18	6.27	69.06	7654	0.24
13	2	8.6	1.24	6.32	69.26	7825	0.28
13	3	7.96	1.24	6.62	69.46	8002	0.2
13	4	8.74	1.3	6.69	69.66	8127	0.28
13	5	8.07	1.26	6.83	69.76	8175	0.18
13	6	8.44	1.09	6.93	69.87	8279	0.32
13	7	8	1.13	6.98	69.9	8348	0.32
13	8	7.86	1.02	7.05	69.92	8472	0.29
13	9	7.37	1.21	7.12	70.18	8860	0.28
13	10	7.28	1.14	7.31	70.56	9055	0.26
14	1	5.21	0.69	7.25	66.65	10304	0.18
14	2	5.29	0.81	7.37	66.88	10437	0.2
14	3	5.01	0.76	7.48	67.11	10553	0.13
14	4	4.76	0.61	7.59	67.35	10655	0.11
14	5	4.81	0.65	7.6	67.47	10748	0.14
14	6	4.72	0.98	7.76	67.8	10891	0.18
14	7	4.52	0.69	7.89	67.92	11307	0.16
14	8	4.7	0.74	7.99	68.02	11600	0.16
14	9	4.65	0.75	8	68.23	12062	0.16
14	10	4.47	0.7	8.2	68.49	12253	0.15
15	1	6.77	1.02	7.62	68.98	9257	0.24
15	2	6.56	0.99	7.68	69.09	9472	0.24
15	3	6.19	1.08	7.73	69.18	9557	0.26
15	4	6.23	1.02	7.79	69.29	9641	0.19
15	5	6.07	0.97	7.82	69.39	9682	0.17
15	6	5.91	1.02	8.03	69.54	9809	0.21
15	7	5.36	0.65	8.13	69.57	10155	0.2
15	8	5.26	0.84	8.29	69.59	10492	0.21
15	9	5.1	0.82	8.37	69.64	10931	0.21
15	10	4.81	0.7	8.51	69.69	11236	0.14
16	1	7.66	1.27	8.56	72.89	10790	0.34
16	2	6.77	0.92	8.79	73.1	10927	0.23
16	3	6.38	0.99	8.83	73.32	10944	0.28
16	4	6.38	1.25	8.87	73.52	10981	0.19
16	5	6.31	0.79	9.04	73.62	11019	0.28
16	6	6.1	0.69	9.15	73.65	11229	0.22
16	7	6	0.81	9.24	73.68	11355	0.28
16	8	6.08	0.87	9.36	73.7	11612	0.21
16	9	6.06	0.76	9.48	73.96	11917	0.2
16	10	5.91	0.91	9.7	74.22	12359	0.21
17	1	8.05	1.05	9.38	68.42	12267	0.25
17	2	7.4	1.01	9.46	68.63	12513	0.35
17	3	6.83	0.85	9.58	68.85	12740	0.23
17	4	6.35	1.02	9.63	69.05	12942	0.15
17	5	6.4	0.74	9.64	69.15	13019	0.27
17	6	5.78	0.86	9.65	69.41	13177	0.25
17	7	5.84	0.71	9.67	69.45	13359	0.2
17	8	6.13	1.18	9.79	69.48	13566	0.23
17	9	5.83	0.59	9.81	69.64	13976	0.24
17	10	5.8	0.69	9.99	69.8	14466	0.12
18	1	18.94	2.98	7.26	68.91	7964	0.72
18	2	16.93	2.77	7.28	69.12	8118	0.72
18	3	15.65	2.53	7.3	69.33	8273	0.51
18	4	14.39	2.23	7.32	69.55	8415	0.52
18	5	14.21	2.3	7.48	69.66	8476	0.53
18	6	13.53	2.36	7.56	69.9	8729	0.59
18	7	13.86	1.92	7.63	69.94	9156	0.7
18	8	13.04	2.11	7.79	69.95	9413	0.51
18	9	13.01	2.06	7.82	70.18	9858	0.48
18	10	12.3	1.93	7.92	70.51	10114	0.44
19	1	27.74	5.23	8.64	64.46	7362	1.47
19	2	23	4.99	8.72	64.61	7437	1.54
19	3	20.76	0.85	8.8	64.77	7727	1.36
19	4	19.27	3.52	8.81	64.93	7872	1.16
19	5	18.44	4.11	9.15	65.01	7925	1.11
19	6	19.36	4.79	9.16	65.31	8026	0.92
19	7	19.26	3.76	9.27	65.35	8215	0.99
19	8	18.29	3.41	9.38	65.4	8433	0.99
19	9	17.85	3.31	9.58	65.59	8721	0.99
19	10	17.65	3.32	9.81	65.82	8887	0.88
20	1	9.42	1.47	7.91	66.7	6813	0.33
20	2	9.18	1.13	7.98	66.87	6935	0.21
20	3	8.06	5.71	8.04	67.05	7059	0.36
20	4	7.64	0.89	8.27	67.24	7200	0.14
20	5	7.41	1.16	8.34	67.33	7234	0.26
20	6	6.22	1.15	8.37	67.44	7423	0.13
20	7	6.41	0.92	8.52	67.51	7545	0.18
20	8	6.44	0.81	8.61	67.54	7792	0.2
20	9	6.62	1.25	8.72	67.8	7980	0.19
20	10	6.91	0.89	9	68.18	8308	0.2
21	1	21.55	3.77	5.73	63.82	8707	1.01
21	2	19.73	3.54	6.07	64.13	8759	0.94
21	3	18.02	3.2	6.33	64.43	8853	1.27
21	4	17.25	2.72	6.54	64.74	8950	0.61
21	5	17.05	2.92	6.67	64.89	8987	0.61
21	6	16.54	2.72	6.71	65.38	9241	0.91
21	7	16.02	2.63	6.79	65.48	9575	0.77
21	8	15.05	2.63	6.9	65.55	9877	0.85
21	9	14.63	2.38	7.03	65.87	10284	0.74
21	10	13.88	2.33	7.27	66.28	10640	0.48
22	1	23.03	4.74	6.5	65.28	6615	1.43
22	2	21.23	4.2	6.6	65.45	6678	1.27
22	3	20.41	3.47	6.71	65.64	6785	0.82
22	4	20.24	3.04	6.76	65.82	6899	0.88
22	5	19.6	3.25	6.85	65.91	6934	0.83
22	6	22.58	4.62	6.93	65.96	7003	1.07
22	7	22.01	3.83	7.02	66.04	7122	1.3
22	8	21.38	4.16	7.15	66.07	7350	1.17
22	9	21.03	4.55	7.3	66.38	7566	1.03
22	10	20.62	4.15	7.55	66.85	7769	1.13
23	1	34.88	10.47	6.77	64.59	6677	4.3
23	2	31.92	8.78	6.82	64.75	6709	3.43
23	3	27.04	7.35	6.87	64.88	6732	2.65
23	4	27.14	5.89	6.91	65.05	6896	2.16
23	5	26.26	5.92	6.96	65.13	6944	2.05
23	6	25.73	5.29	7.01	65.19	7064	2.33
23	7	24.88	6.28	7.06	65.3	7175	2.82
23	8	23.12	7.41	7.15	65.32	7493	2.45
23	9	22.66	6.5	7.27	65.55	7816	2.38
23	10	21.51	5.6	7.44	65.9	8125	1.97
24	1	36.8	9.36	5.59	64.31	6251	3.37
24	2	31.98	7.86	5.6	64.46	6303	2.81
24	3	30.66	1.9	5.73	64.6	6349	2.79
24	4	31.53	6.56	5.74	64.76	6394	2.21
24	5	27.8	6.42	5.76	64.84	6416	2.3
24	6	28.4	0.85	5.99	65.09	6469	3.78
24	7	28.4	7.44	6.15	65.12	6637	4.19
24	8	27.76	6.25	6.27	65.14	6996	2.82
24	9	27.43	5.91	6.52	65.36	7159	2.28
24	10	26.55	7.17	6.65	65.65	7336	2.6
25	1	8.65	1.38	8.25	70.15	9857	0.37
25	2	8.47	1.21	8.29	70.32	9957	0.29
25	3	8.05	1.13	8.34	70.49	10058	0.28
25	4	8.42	1.18	8.38	70.67	10180	0.3
25	5	7.99	1.2	8.47	70.76	10262	0.21
25	6	8.82	1.45	8.49	70.93	10364	0.36
25	7	7.67	1.36	8.59	70.97	10465	0.34
25	8	7.41	0.96	8.76	70.99	10677	0.36
25	9	7.21	1.05	8.92	71.19	10968	0.3
25	10	6.9	1.13	9.03	71.48	11255	0.27
26	1	13.58	1.55	6.63	62.5	8003	0.35
26	2	13.89	2.32	6.65	62.78	8049	0.61
26	3	13.01	4.38	6.76	63.04	8091	0.41
26	4	12.23	1.3	6.87	63.32	8148	0.52
26	5	12.05	1.94	6.88	64.04	8170	0.25
26	6	11.9	1.54	6.94	64.22	8260	0.46
26	7	11.19	1.85	7.14	64.31	8450	0.48
26	8	11.18	1.81	7.31	64.34	8736	0.48
26	9	11.22	1.56	7.5	64.58	9051	0.44
26	10	10.95	1.75	7.73	64.82	9235	0.42
27	1	11.6	1.91	7.29	68.93	9331	0.49
27	2	10.29	1.65	7.33	69.12	9459	0.4
27	3	9.82	1.92	7.37	69.31	9560	0.41
27	4	10.32	1.65	7.45	69.5	9632	0.48
27	5	9.54	1.41	7.49	69.59	9723	0.37
27	6	10.12	1.58	7.64	69.8	9992	0.45
27	7	9.24	1.53	7.75	69.82	10281	0.55
27	8	9.48	1.92	7.95	69.84	10489	0.46
27	9	8.87	1.68	8.02	70.08	10814	0.38
27	10	8.56	1.45	8.26	70.43	11118	0.34
28	1	18.07	3.09	7.65	66.07	7988	0.8
28	2	15.83	2.76	7.69	66.39	8077	0.75
28	3	14.94	1.68	7.73	66.7	8286	0.66
28	4	14.32	2.28	7.82	67.02	8501	1.04
28	5	13.61	2.11	7.89	67.18	8602	0.52
28	6	14.07	2.37	7.97	67.26	8768	0.66
28	7	14.09	2.28	8.12	67.31	9034	0.73
28	8	14.22	2.8	8.29	67.32	9311	0.72
28	9	13.69	2.28	8.52	67.78	9488	0.74
28	10	13.18	2.33	8.75	68.23	9604	0.63
29	1	17.05	3.18	7.57	69.65	8126	0.89
29	2	14.56	2.61	7.67	69.85	8249	0.69
29	3	13.06	3.21	7.76	70.06	8396	0.61
29	4	13.73	1.83	7.93	70.28	8537	0.56
29	5	12.77	2.09	8.02	70.39	8555	0.45
29	6	13.74	2.05	8.18	70.44	8697	0.79
29	7	12.77	1.98	8.32	70.46	8871	0.9
29	8	11.97	2.09	8.46	70.47	9094	0.44
29	9	11.32	2.09	8.69	70.72	9262	0.52
29	10	11.04	2.23	8.91	70.97	9436	0.59
30	1	9.1	1.14	8.66	70.4	8935	0.24
30	2	8.51	1.1	8.68	70.55	9113	0.24
30	3	7.64	2.82	8.71	70.7	9430	0.23
30	4	8.5	1.16	8.79	70.86	9583	0.26
30	5	8.26	1.28	8.86	70.94	9628	0.26
30	6	8.98	1.54	8.88	70.99	9729	0.33
30	7	8.2	1.38	8.96	71.02	10148	0.46
30	8	7.9	1.3	9.14	71.04	10422	0.35
30	9	7.59	1.31	9.24	71.26	10731	0.3
30	10	7.51	1.18	9.43	71.58	11115	0.25
31	1	9.5	1.49	8.13	67.59	9339	0.35
31	2	9.04	1.36	8.2	67.79	9409	0.35
31	3	8	1.24	8.27	68	9479	0.29
31	4	7.56	1.27	8.28	68.21	9570	0.21
31	5	6.89	0.75	8.29	68.32	9621	0.22
31	6	6.71	1.26	8.42	68.66	9804	0.21
31	7	7.14	1.12	8.59	68.73	10126	0.24
31	8	6.75	0.99	8.72	68.78	10306	0.23
31	9	6.55	0.96	8.76	69.01	10638	0.24
31	10	6.29	0.94	8.92	69.31	10925	0.21
32	1	15.47	2.63	7.34	68.34	8536	0.71
32	2	14.24	2.54	7.42	68.51	8803	0.69
32	3	13.48	1.85	7.5	68.67	9040	0.48
32	4	14.06	2.49	7.53	68.84	9231	0.46
32	5	13.62	2.41	7.66	68.93	9302	0.59
32	6	13.77	1.88	7.77	69.14	9474	0.64
32	7	13.39	1.96	7.83	69.16	9935	0.43
32	8	13.1	2.4	7.99	69.18	10220	0.6
32	9	12.82	2.06	8	69.41	10652	0.6
32	10	12.56	2.12	8.18	69.65	10937	0.51
33	1	11.31	2.04	8.51	67.46	9196	0.57
33	2	11.33	1.84	8.61	67.63	9231	0.51
33	3	10.41	1.82	8.72	67.81	9266	0.34
33	4	10.39	1.72	8.79	67.94	9309	0.37
33	5	9.85	1.71	8.93	68.04	9391	0.37
33	6	10.79	1.89	9.03	68.29	9563	0.42
33	7	10.27	1.96	9.12	68.33	9744	0.5
33	8	9.28	1.5	9.25	68.37	10036	0.44
33	9	8.94	1.46	9.34	68.61	10391	0.41
33	10	8.63	1.37	9.45	68.95	10649	0.31
